0.18369121108400405
0.21300306575816774
0.19310958596961006
0.24347013765319045
0.13460170738089078
0.17647453224268658
0.18909378836537366
0.20645722858187704
0.1489047940507618
0.20841697003070145
0.1620834010963292
0.21916256931132466
0.11790812475728912
0.23389042110571998
0.22376687935113432
0.2161252382967828
0.22231160689128798
0.2135635231175179
0.18147037280742292
0.1689841327710992
0.2245632767786687
0.13762725460523004
0.12328080296843451
0.2212752501295871
0.19503222103527412
0.17667539892909623
0.23459223743599972
0.11683572691633835
0.1223848186338359
0.24307850384267285
0.13629139779175561
0.17540190125340363
0.1392245932338984
0.19162535539299852
0.16567700304825506
0.1852788455209061
0.19921638097190983
0.28927828538016265
0.14748827835120504
0.14052326318604622
0.26816147508741317
0.10071708016917981
0.13886324747137574
0.14620094142757978
